# Without calibration
              precision    recall  f1-score   support

 AGRICULTURE      0.829     0.820     0.824 0.021165351791999867
  INDUSTRIAL      0.746     0.747     0.747 0.20866820342597633
      OFFICE      0.490     0.266     0.345 0.0833336973704022
       OTHER      0.735     0.586     0.652 0.051041978128801076
      PUBLIC      0.545     0.507     0.525 0.11260999339199676
 RESIDENTIAL      0.748     0.934     0.831 0.4339622641207685
      RETAIL      0.586     0.245     0.345 0.08921851192800391

    accuracy                          0.710 1.0000000001579488
   macro avg      0.668     0.586     0.610 1.0000000001579488
weighted avg      0.690     0.710     0.686 1.0000000001579488

# Xs
[array([0.30449917, 0.23332111, 0.24172482, 0.30446302, 0.27552941,
       0.2196157 , 0.32799642]), array([0.94499829, 0.84291482, 0.82374006, 0.86637416, 0.82086216,
       0.87162037, 0.87168896]), array([-0.0858285 , -0.18834587, -0.22909872, -0.23340372, -0.19286038,
       -0.25317714, -0.14951944]), array([0.77270213, 0.70345091, 0.65872085, 0.72446413, 0.70637655,
       0.62978835, 0.73420039]), array([0.67636968, 0.6090941 , 0.6215337 , 0.53612418, 0.57833486,
       0.59785161, 0.57726232])]
# With calibration
              precision    recall  f1-score   support

 AGRICULTURE      0.810     0.843     0.826 0.021165351791999867
  INDUSTRIAL      0.743     0.746     0.744 0.20866820342597633
      OFFICE      0.495     0.251     0.333 0.0833336973704022
       OTHER      0.729     0.585     0.649 0.051041978128801076
      PUBLIC      0.538     0.510     0.524 0.11260999339199676
 RESIDENTIAL      0.754     0.928     0.832 0.4339622641207685
      RETAIL      0.537     0.269     0.358 0.08921851192800391

    accuracy                          0.708 1.0000000001579488
   macro avg      0.658     0.590     0.609 1.0000000001579488
weighted avg      0.686     0.708     0.686 1.0000000001579488

# StDev
[0.02358693 0.01769167 0.0247073  0.03687042 0.01743158 0.03357482
 0.02713087]
# Mean
[ 0.07273706 -0.00972408 -0.02648696 -0.01020674 -0.01216258 -0.03667132
  0.02251463]
# With mean calibration
              precision    recall  f1-score   support

 AGRICULTURE      0.812     0.846     0.829 0.021165351791999867
  INDUSTRIAL      0.746     0.748     0.747 0.20866820342597633
      OFFICE      0.497     0.252     0.334 0.0833336973704022
       OTHER      0.732     0.585     0.650 0.051041978128801076
      PUBLIC      0.541     0.510     0.525 0.11260999339199676
 RESIDENTIAL      0.753     0.929     0.832 0.4339622641207685
      RETAIL      0.548     0.271     0.363 0.08921851192800391

    accuracy                          0.710 1.0000000001579488
   macro avg      0.661     0.592     0.611 1.0000000001579488
weighted avg      0.688     0.710     0.687 1.0000000001579488

