# Class weight
[6.18654570e-05 4.93278623e-05 4.31995536e-05 3.40262385e-05
 3.56540535e-05 4.81255214e-06 4.45517977e-05]
# Without calibration
              precision    recall  f1-score   support

 AGRICULTURE      0.787     0.689     0.735 0.02091052444967182
  INDUSTRIAL      0.786     0.670     0.724 0.2214821019468562
      OFFICE      0.456     0.198     0.276 0.07896878395272129
       OTHER      0.591     0.523     0.555 0.04532294964620608
      PUBLIC      0.532     0.339     0.414 0.10610646331909368
 RESIDENTIAL      0.678     0.972     0.799 0.43396226415179473
      RETAIL      0.649     0.199     0.305 0.09324691253449054

    accuracy                          0.679 1.0000000000008344
   macro avg      0.640     0.513     0.544 1.0000000000008344
weighted avg      0.665     0.679     0.642 1.0000000000008344

# Xs
[array([ 0.13651844,  0.13046829,  0.12557894,  0.08397046,  0.14087844,
       -0.60294697,  0.13291368]), array([-0.18483206, -0.17274357, -0.1756673 , -0.22941602, -0.17217995,
       -0.99497457, -0.18031205]), array([ 0.26247234,  0.26318831,  0.2601767 ,  0.25445179,  0.26795147,
       -0.50144095,  0.26105187]), array([ 0.03201055,  0.02580374,  0.02157895, -0.02015805,  0.03663951,
       -0.72104272,  0.02793891]), array([-0.19424155, -0.20473191, -0.2116675 , -0.20459051, -0.19326062,
       -0.94875157, -0.19450535])]
# With calibration
              precision    recall  f1-score   support

 AGRICULTURE      0.773     0.698     0.734 0.02091052444967182
  INDUSTRIAL      0.746     0.709     0.727 0.2214821019468562
      OFFICE      0.422     0.256     0.319 0.07896878395272129
       OTHER      0.584     0.530     0.556 0.04532294964620608
      PUBLIC      0.457     0.453     0.455 0.10610646331909368
 RESIDENTIAL      0.751     0.925     0.829 0.43396226415179473
      RETAIL      0.567     0.257     0.353 0.09324691253449054

    accuracy                          0.689 1.0000000000008344
   macro avg      0.614     0.547     0.568 1.0000000000008344
weighted avg      0.669     0.689     0.668 1.0000000000008344

# StDev
[0.17883348 0.17796564 0.17861118 0.18111478 0.17815828 0.19166953
 0.17691582]
# Mean
[ 0.01038554  0.00839697  0.00399996 -0.02314847  0.01600577 -0.75383135
  0.00941741]
# With mean calibration
              precision    recall  f1-score   support

 AGRICULTURE      0.773     0.698     0.734 0.02091052444967182
  INDUSTRIAL      0.751     0.709     0.729 0.2214821019468562
      OFFICE      0.427     0.258     0.322 0.07896878395272129
       OTHER      0.589     0.530     0.558 0.04532294964620608
      PUBLIC      0.456     0.458     0.457 0.10610646331909368
 RESIDENTIAL      0.751     0.926     0.830 0.43396226415179473
      RETAIL      0.568     0.257     0.354 0.09324691253449054

    accuracy                          0.690 1.0000000000008344
   macro avg      0.616     0.548     0.569 1.0000000000008344
weighted avg      0.670     0.690     0.669 1.0000000000008344

