# Class weight
[6.26593730e-05 4.76068348e-05 4.41748230e-05 3.71596850e-05
 3.68232900e-05 4.81255214e-06 4.36071629e-05]
# Without calibration
              precision    recall  f1-score   support

 AGRICULTURE      0.819     0.710     0.761 0.021178868057828457
  INDUSTRIAL      0.777     0.683     0.727 0.21375468806872774
      OFFICE      0.503     0.204     0.290 0.08075157638734146
       OTHER      0.642     0.505     0.565 0.04949670037907507
      PUBLIC      0.551     0.335     0.416 0.10958611099333512
 RESIDENTIAL      0.676     0.975     0.798 0.43396226415179473
      RETAIL      0.660     0.213     0.322 0.09126979196277055

    accuracy                          0.682 1.000000000000873
   macro avg      0.661     0.518     0.554 1.000000000000873
weighted avg      0.670     0.682     0.644 1.000000000000873

# Xs
[array([0.96496114, 0.97693589, 0.97629559, 0.97916124, 0.98539477,
       0.19822437, 0.98109255]), array([0.91235668, 0.91045755, 0.90608623, 0.9138069 , 0.91490836,
       0.12661298, 0.90538609]), array([ 0.31714155,  0.33341398,  0.33198708,  0.33889907,  0.3397653 ,
       -0.44469987,  0.33013793]), array([0.89111413, 0.89091926, 0.88103163, 0.89322188, 0.8953873 ,
       0.11364568, 0.8900456 ]), array([ 0.51894074,  0.5403878 ,  0.53618221,  0.54191807,  0.54416539,
       -0.24098039,  0.53523891])]
# With calibration
              precision    recall  f1-score   support

 AGRICULTURE      0.807     0.710     0.755 0.021178868057828457
  INDUSTRIAL      0.738     0.724     0.731 0.21375468806872774
      OFFICE      0.456     0.265     0.336 0.08075157638734146
       OTHER      0.597     0.553     0.574 0.04949670037907507
      PUBLIC      0.481     0.454     0.467 0.10958611099333511
 RESIDENTIAL      0.756     0.928     0.833 0.43396226415179473
      RETAIL      0.573     0.269     0.366 0.09126979196277055

    accuracy                          0.695 1.000000000000873
   macro avg      0.630     0.558     0.580 1.000000000000873
weighted avg      0.674     0.695     0.674 1.000000000000873

# StDev
[0.25651619 0.25006784 0.24915466 0.24931289 0.25036481 0.24973879
 0.2518852 ]
# Mean
[ 0.72090285  0.7304229   0.72631655  0.73340143  0.73592422 -0.04943945
  0.72838022]
# With mean calibration
              precision    recall  f1-score   support

 AGRICULTURE      0.812     0.710     0.758 0.021178868057828457
  INDUSTRIAL      0.738     0.724     0.731 0.21375468806872774
      OFFICE      0.455     0.265     0.335 0.08075157638734146
       OTHER      0.601     0.556     0.578 0.04949670037907507
      PUBLIC      0.485     0.459     0.471 0.10958611099333511
 RESIDENTIAL      0.756     0.928     0.833 0.43396226415179473
      RETAIL      0.578     0.270     0.368 0.09126979196277055

    accuracy                          0.696 1.000000000000873
   macro avg      0.632     0.559     0.582 1.000000000000873
weighted avg      0.675     0.696     0.675 1.000000000000873

