# Class weight
[6.66590477e-05 4.71646505e-05 4.08329836e-05 3.92329163e-05
 3.63377674e-05 4.81255214e-06 4.61995045e-05]
# Without calibration
              precision    recall  f1-score   support

 AGRICULTURE      0.821     0.660     0.732 0.022530758110684584
  INDUSTRIAL      0.780     0.689     0.731 0.2117692805277082
      OFFICE      0.469     0.223     0.302 0.07464269404743061
       OTHER      0.666     0.480     0.558 0.05225824453805413
      PUBLIC      0.542     0.336     0.415 0.10814119575700659
 RESIDENTIAL      0.676     0.976     0.799 0.43396226415179473
      RETAIL      0.682     0.197     0.306 0.09669556286815292

    accuracy                          0.682 1.0000000000008318
   macro avg      0.662     0.509     0.549 1.0000000000008318
weighted avg      0.671     0.682     0.644 1.0000000000008318

# Xs
[array([ 0.29753774,  0.32410837,  0.24315568,  0.32990704,  0.33853113,
       -0.39164402,  0.33840157]), array([0.9093067 , 0.92714641, 0.84330488, 0.93277434, 0.94467203,
       0.18881607, 0.9438838 ]), array([-6.06603147e-03, -1.97223170e-02, -2.52793343e-02, -1.39152953e-02,
       -3.21321439e-04, -7.30371911e-01, -4.15539224e-03]), array([-0.04833836, -0.06257981, -0.07310901, -0.05511698, -0.04826043,
       -0.77412907, -0.04843055]), array([0.86043346, 0.86196638, 0.80715416, 0.85686612, 0.86568207,
       0.08234199, 0.85670047])]
# With calibration
              precision    recall  f1-score   support

 AGRICULTURE      0.827     0.686     0.750 0.022530758110684584
  INDUSTRIAL      0.746     0.728     0.737 0.2117692805277082
      OFFICE      0.454     0.254     0.326 0.07464269404743061
       OTHER      0.634     0.521     0.572 0.05225824453805413
      PUBLIC      0.467     0.476     0.471 0.10814119575700658
 RESIDENTIAL      0.757     0.932     0.835 0.43396226415179473
      RETAIL      0.558     0.262     0.357 0.09669556286815292

    accuracy                          0.697 1.0000000000008318
   macro avg      0.635     0.551     0.578 1.0000000000008318
weighted avg      0.676     0.697     0.675 1.0000000000008318

# StDev
[0.41176561 0.42119153 0.39577824 0.41843402 0.41868562 0.40010478
 0.41740096]
# Mean
[ 0.4025747   0.40618381  0.35904528  0.41010304  0.4200607  -0.32499739
  0.41727998]
# With mean calibration
              precision    recall  f1-score   support

 AGRICULTURE      0.825     0.695     0.755 0.022530758110684584
  INDUSTRIAL      0.750     0.729     0.740 0.2117692805277082
      OFFICE      0.460     0.249     0.323 0.07464269404743061
       OTHER      0.634     0.522     0.572 0.05225824453805413
      PUBLIC      0.464     0.483     0.473 0.10814119575700658
 RESIDENTIAL      0.756     0.932     0.835 0.43396226415179473
      RETAIL      0.575     0.263     0.361 0.09669556286815292

    accuracy                          0.698 1.0000000000008318
   macro avg      0.638     0.553     0.580 1.0000000000008318
weighted avg      0.679     0.698     0.676 1.0000000000008318

