# Class weight
[6.42020138e-05 4.90771205e-05 4.34313654e-05 3.50981667e-05
 3.57657017e-05 4.81255214e-06 4.36689735e-05]
# Without calibration
              precision    recall  f1-score   support

 AGRICULTURE      0.800     0.686     0.739 0.021700280674418867
  INDUSTRIAL      0.784     0.673     0.724 0.22035627115585568
      OFFICE      0.479     0.202     0.285 0.07939253603697606
       OTHER      0.595     0.508     0.548 0.046750758063906
      PUBLIC      0.531     0.337     0.412 0.10643872829368838
 RESIDENTIAL      0.678     0.973     0.799 0.43396226415179473
      RETAIL      0.646     0.205     0.312 0.09139916162418515

    accuracy                          0.680 1.000000000000825
   macro avg      0.645     0.512     0.546 1.000000000000825
weighted avg      0.666     0.680     0.643 1.000000000000825

# Xs
[array([0.88171971, 0.89199987, 0.8700007 , 0.86674378, 0.89205754,
       0.21436796, 0.85892145]), array([ 0.05980738,  0.06523898,  0.04272925,  0.03819196,  0.06494967,
       -0.6142707 ,  0.05410811]), array([-0.11677228, -0.10787459, -0.12294426, -0.1295503 , -0.1076571 ,
       -0.78691384, -0.14789314]), array([ 0.52024621,  0.52852695,  0.51046256,  0.51266377,  0.52877486,
       -0.14932304,  0.47489546]), array([0.80471999, 0.8121053 , 0.78964044, 0.79497782, 0.81066817,
       0.13446238, 0.75692957])]
# With calibration
              precision    recall  f1-score   support

 AGRICULTURE      0.798     0.698     0.745 0.021700280674418867
  INDUSTRIAL      0.734     0.724     0.729 0.22035627115585568
      OFFICE      0.460     0.243     0.318 0.07939253603697606
       OTHER      0.590     0.537     0.562 0.046750758063906
      PUBLIC      0.475     0.442     0.458 0.10643872829368838
 RESIDENTIAL      0.743     0.937     0.829 0.43396226415179473
      RETAIL      0.619     0.225     0.330 0.09139916162418515

    accuracy                          0.693 1.000000000000825
   macro avg      0.631     0.544     0.567 1.000000000000825
weighted avg      0.673     0.693     0.667 1.000000000000825

# StDev
[0.39714295 0.39779282 0.3960857  0.3991241  0.3975419  0.3985191
 0.39075394]
# Mean
[ 0.4299442   0.4379993   0.41797774  0.4166054   0.43775863 -0.24033545
  0.39939229]
# With mean calibration
              precision    recall  f1-score   support

 AGRICULTURE      0.801     0.698     0.746 0.021700280674418867
  INDUSTRIAL      0.735     0.725     0.730 0.22035627115585568
      OFFICE      0.462     0.242     0.318 0.07939253603697606
       OTHER      0.592     0.538     0.563 0.046750758063906
      PUBLIC      0.478     0.446     0.462 0.10643872829368838
 RESIDENTIAL      0.743     0.937     0.829 0.43396226415179473
      RETAIL      0.625     0.226     0.332 0.09139916162418515

    accuracy                          0.694 1.000000000000825
   macro avg      0.634     0.545     0.569 1.000000000000825
weighted avg      0.674     0.694     0.668 1.000000000000825

